Camera.Parameters=[ 1.59328 2.11149 0.512158 0.436717 0.961982 ]
Camera.Size=[ 640 480 ]
